 (  11.362957908039753     ,  3.4301692214947222E-015)
 ( 0.77356751083303776     ,  2.4736276196819611E-016)
 ( 0.40778282187060788     ,  9.1577119797107270E-017)
 ( 0.29423527408573374     ,  7.4693289534500821E-017)
 ( 0.17795075668394292     ,  2.3884002147830471E-017)
 ( 0.16300626497229934     ,  3.3342440841389792E-017)
 ( 0.12127886853344061     , -1.1128729983939409E-017)
 ( 0.11018352866235266     , -1.8307164291039082E-017)
 (  8.9713174987943456E-002,  2.1196295684350547E-017)
 (  7.9238205873295234E-002,  6.2864377158780584E-018)
