 (  8.6608471323400309     , -1.2348541123126096E-015)
 ( 0.59429459625595982     , -6.3607107782572148E-017)
 ( 0.31119036602136368     , -3.0300465828319947E-017)
 ( 0.22364516892893593     , -4.6936619639619240E-017)
 ( 0.13601478609595011     ,  2.7537367971553377E-018)
 ( 0.12420809495024920     ,  3.9715330149962197E-017)
 (  9.2612085597497271E-002,  3.8001585270521107E-018)
 (  8.4239010905596698E-002,  3.1856475076786274E-018)
 (  6.8591033890246608E-002, -1.5992152617467530E-017)
 (  6.0584856197920083E-002,  7.6015465519784583E-018)
