 (  5.8547438816611335     ,  1.0060197906645096E-015)
 ( 0.40675733626529104     , -5.7509244275152544E-016)
 ( 0.21073852620668651     ,  3.0627659431852694E-017)
 ( 0.15046933335773366     ,  2.2551447951699932E-017)
 (  9.2401854047218207E-002, -9.4638522394377514E-019)
 (  8.3896370329584413E-002, -4.4797787960577401E-018)
 (  6.2803401565922262E-002,  7.9935706634962021E-018)
 (  5.7256869441817133E-002,  1.6973107084496499E-019)
 (  4.6624577603248257E-002, -5.5009856538560502E-018)
 (  4.1185477219411210E-002,  3.5526015484075835E-018)
