 (  358.01908621214454     ,  2.4789058727436175E-013)
 (  7.1381931051446026     , -4.7066395377458325E-014)
 (  4.9525383813098411     , -1.1525633202233644E-014)
 ( -3.7395088967033252     , 0.24486878150231753     )
 (  1.3543037949359906     , -2.4590286787175316E-014)
 ( 0.78582349025300458     , -8.4602039593858686E-014)
 ( 0.52252983247633411     , -3.9173195152315256E-014)
 ( 0.34557385419195297     , -1.0878504835368505E-013)
 ( 0.25787959211358857     ,  6.2854839046724829E-015)
 ( 0.17622294685964512     ,  8.1588006030358679E-015)
 ( 0.17124093724247513     , -6.7301091577219750E-015)
 ( 0.11773355846865222     ,  2.9794205637772274E-015)
 (  7.9732445084994663E-002,  1.1436940312886078E-014)
 (  6.4540023020052836E-002, -2.3566975217283803E-015)
 (  5.9851018558321638E-002,  1.0934332009265389E-015)
 (  5.8476152987488275E-002, -2.4567600309834264E-014)
 (  5.7262488533510951E-002,  3.0590293977589083E-014)
 (  5.0882700435793210E-002,  5.9644752454905714E-016)
 (  4.5937897774897186E-002, -3.3107910215607709E-015)
 (  4.3935251715253643E-002,  3.7179363451666111E-015)
 (  4.1472141278123341E-002, -2.3084719801938001E-014)
 (  4.0016518955701109E-002, -8.8412110704422521E-016)
 (  3.5412363192263659E-002,  1.6693585669247022E-014)
 (  3.3866364328862690E-002, -4.7203868004142845E-015)
 (  3.0362824129493579E-002, -2.2101168794468131E-014)
 (  1.0000061988743179     ,  7.5629884386391177E-010)
 ( 0.18492486364672939     , -4.1833644132189332E-003)
 ( 0.10857958402482540     ,  2.9673644705463824E-004)
 (  6.7560644669869482E-002,  1.4305642379153449E-004)
 (  3.4503280721327294E-002,  1.0356779730454220E-002)
