 (  80700.726773016242     , -1.4987519477138145E-010)
 ( -4.3729669893709362     , 0.14648135776822416     )
 (  4.2123075558361593     ,  3.5393222020657781E-012)
 (  3.3148666330274046     , -4.8004767065754920E-013)
 (  1.0443930715000949     ,  1.0067576708963848E-013)
 ( 0.61186725597143732     ,  5.2618992913157709E-013)
 ( 0.40267176115704784     , -3.8633045442850067E-013)
 ( 0.26485444297290367     , -7.0683761583660567E-015)
 ( 0.19664651785628068     ,  8.2385543124609197E-013)
 ( 0.13454179991974835     ,  9.0965272365084406E-014)
 ( 0.13003612617488972     ,  2.5022816113394346E-013)
 (  8.8388236611913445E-002,  3.8272087724647654E-013)
 (  6.0976482851013959E-002,  4.7286283099756586E-014)
 (  4.9362005584121488E-002,  3.2126261969882522E-013)
 (  4.5763394385314862E-002,  1.1439127669567740E-013)
 (  4.4712137664747235E-002,  6.5750893706501951E-013)
 (  4.3781993581051809E-002, -3.0498611000272565E-013)
 (  3.8905575314262537E-002,  4.6595676404022274E-013)
 (  3.5122767883729346E-002, -7.9210336177987796E-014)
 (  3.3583520723880100E-002,  3.4820759450716966E-013)
 (  3.1629376217747217E-002,  5.3252463879813869E-013)
 (  3.0601749541523476E-002, -1.3924123107732506E-013)
 (  2.7071658940580449E-002,  2.2360969650283412E-014)
 (  2.5895940619390091E-002,  8.0260957029146622E-013)
 (  2.3183702662275499E-002,  5.0812125754181648E-013)
 (  2.1353688456262999E-002, -2.8844258317846513E-013)
 (  1.3625274595007586     ,  2.3918866308587708E-003)
 ( 0.10368736929131246     , -9.3879935077741741E-003)
 ( -4.1371955696335783E-002,  2.5810801847847325E-002)
 (  2.2753269043288581E-002,  3.7536008581476790E-003)
