 (  397348.13187383243     , -2.0753008948827779E-010)
 ( -3.5819283959994355     ,-0.35285375050261963     )
 (  2.8669054883674070     ,  8.6597535990971669E-012)
 (  2.1296970198486158     ,  7.1699160548877145E-012)
 ( 0.72378094257911263     , -2.0718252335633664E-012)
 ( 0.42279734087779525     ,  1.0562011424729087E-013)
 ( 0.27523212517592516     , -2.6134786628233423E-012)
 ( 0.18058573321507349     , -3.3024975003371189E-013)
 ( 0.13339579760710524     ,  1.1315357648773896E-014)
 (  9.1391010375791490E-002, -1.7824527785450093E-012)
 (  8.7607882831125583E-002, -4.3236178674964051E-014)
 (  5.8432737550036397E-002,  2.2816980425911496E-012)
 (  4.1472301692176708E-002,  1.0366293815638424E-012)
 (  3.3585348058212998E-002, -2.3280463582658413E-012)
 (  3.1114125037521142E-002, -1.6363450056159896E-012)
 (  3.0399800002833037E-002, -2.7237447303861370E-012)
 (  2.9762529478446448E-002,  5.0232763528826795E-012)
 (  2.6450234155517876E-002,  5.3430928544809879E-013)
 (  2.3879140267084188E-002,  5.0756197889691612E-012)
 (  2.2826092818790857E-002,  2.0630581125953798E-012)
 (  2.1435929685932904E-002,  7.2262284551019704E-012)
 (  2.0807813604471880E-002, -5.1703618310703082E-012)
 (  1.8402665230766578E-002, -8.3124622624029584E-014)
 (  1.7605558368236834E-002,  1.9619801852870340E-012)
 (  1.5742913204552473E-002, -4.5812308077241398E-012)
 (  1.4516330523995067E-002, -6.4335657815874257E-012)
 (  1.4800586932314692     , -5.1747570640875923E-003)
 ( 0.16324479530779398     ,  1.5202945543030608E-004)
 ( -7.3231558082590825E-002, -6.5947590399738493E-002)
 (  2.5963983825349930E-002,  5.4971118239676765E-004)
