500

0.000000000000000 	0.000000000000000 	-2.500000000000000 	0.000000000000000
0.007999967871615 	0.000000000000000 	-2.500000000000000 	0.001002004008016
0.015967807358203 	0.000000000000000 	-2.500000000000000 	0.002004008016032
0.023903518459765 	0.000000000000000 	-2.500000000000000 	0.003006012024048
0.031807101176300 	0.000000000000000 	-2.500000000000000 	0.004008016032064
0.039678555507809 	0.000000000000000 	-2.500000000000000 	0.005010020040080
0.047517881454291 	0.000000000000000 	-2.500000000000000 	0.006012024048096
0.055325079015747 	0.000000000000000 	-2.500000000000000 	0.007014028056112
0.063100148192176 	0.000000000000000 	-2.500000000000000 	0.008016032064128
0.070843088983578 	0.000000000000000 	-2.500000000000000 	0.009018036072144
0.078553901389954 	0.000000000000000 	-2.500000000000000 	0.010020040080160
0.086232585411304 	0.000000000000000 	-2.500000000000000 	0.011022044088176
0.093879141047626 	0.000000000000000 	-2.500000000000000 	0.012024048096192
0.101493568298922 	0.000000000000000 	-2.500000000000000 	0.013026052104208
0.109075867165192 	0.000000000000000 	-2.500000000000000 	0.014028056112224
0.116626037646435 	0.000000000000000 	-2.500000000000000 	0.015030060120240
0.124144079742652 	0.000000000000000 	-2.500000000000000 	0.016032064128257
0.131629993453842 	0.000000000000000 	-2.500000000000000 	0.017034068136273
0.139083778780005 	0.000000000000000 	-2.500000000000000 	0.018036072144289
0.146505435721142 	0.000000000000000 	-2.500000000000000 	0.019038076152305
0.153894964277252 	0.000000000000000 	-2.500000000000000 	0.020040080160321
0.161252364448336 	0.000000000000000 	-2.500000000000000 	0.021042084168337
0.168577636234393 	0.000000000000000 	-2.500000000000000 	0.022044088176353
0.175870779635423 	0.000000000000000 	-2.500000000000000 	0.023046092184369
0.183131794651427 	0.000000000000000 	-2.500000000000000 	0.024048096192385
0.190360681282404 	0.000000000000000 	-2.500000000000000 	0.025050100200401
0.197557439528355 	0.000000000000000 	-2.500000000000000 	0.026052104208417
0.204722069389280 	0.000000000000000 	-2.500000000000000 	0.027054108216433
0.211854570865177 	0.000000000000000 	-2.500000000000000 	0.028056112224449
0.218954943956048 	0.000000000000000 	-2.500000000000000 	0.029058116232465
0.226023188661893 	0.000000000000000 	-2.500000000000000 	0.030060120240481
0.233059304982711 	0.000000000000000 	-2.500000000000000 	0.031062124248497
0.240063292918502 	0.000000000000000 	-2.500000000000000 	0.032064128256513
0.247035152469267 	0.000000000000000 	-2.500000000000000 	0.033066132264529
0.253974883635005 	0.000000000000000 	-2.500000000000000 	0.034068136272545
0.260882486415717 	0.000000000000000 	-2.500000000000000 	0.035070140280561
0.267757960811402 	0.000000000000000 	-2.500000000000000 	0.036072144288577
0.274601306822061 	0.000000000000000 	-2.500000000000000 	0.037074148296593
0.281412524447693 	0.000000000000000 	-2.500000000000000 	0.038076152304609
0.288191613688298 	0.000000000000000 	-2.500000000000000 	0.039078156312625
0.294938574543877 	0.000000000000000 	-2.500000000000000 	0.040080160320641
0.301653407014430 	0.000000000000000 	-2.500000000000000 	0.041082164328657
0.308336111099955 	0.000000000000000 	-2.500000000000000 	0.042084168336673
0.314986686800455 	0.000000000000000 	-2.500000000000000 	0.043086172344689
0.321605134115927 	0.000000000000000 	-2.500000000000000 	0.044088176352705
0.328191453046373 	0.000000000000000 	-2.500000000000000 	0.045090180360721
0.334745643591793 	0.000000000000000 	-2.500000000000000 	0.046092184368737
0.341267705752186 	0.000000000000000 	-2.500000000000000 	0.047094188376754
0.347757639527552 	0.000000000000000 	-2.500000000000000 	0.048096192384770
0.354215444917892 	0.000000000000000 	-2.500000000000000 	0.049098196392786
0.360641121923205 	0.000000000000000 	-2.500000000000000 	0.050100200400802
0.367034670543492 	0.000000000000000 	-2.500000000000000 	0.051102204408818
0.373396090778752 	0.000000000000000 	-2.500000000000000 	0.052104208416834
0.379725382628985 	0.000000000000000 	-2.500000000000000 	0.053106212424850
0.386022546094192 	0.000000000000000 	-2.500000000000000 	0.054108216432866
0.392287581174373 	0.000000000000000 	-2.500000000000000 	0.055110220440882
0.398520487869527 	0.000000000000000 	-2.500000000000000 	0.056112224448898
0.404721266179654 	0.000000000000000 	-2.500000000000000 	0.057114228456914
0.410889916104755 	0.000000000000000 	-2.500000000000000 	0.058116232464930
0.417026437644829 	0.000000000000000 	-2.500000000000000 	0.059118236472946
0.423130830799876 	0.000000000000000 	-2.500000000000000 	0.060120240480962
0.429203095569897 	0.000000000000000 	-2.500000000000000 	0.061122244488978
0.435243231954892 	0.000000000000000 	-2.500000000000000 	0.062124248496994
0.441251239954860 	0.000000000000000 	-2.500000000000000 	0.063126252505010
0.447227119569801 	0.000000000000000 	-2.500000000000000 	0.064128256513026
0.453170870799716 	0.000000000000000 	-2.500000000000000 	0.065130260521042
0.459082493644604 	0.000000000000000 	-2.500000000000000 	0.066132264529058
0.464961988104465 	0.000000000000000 	-2.500000000000000 	0.067134268537074
0.470809354179300 	0.000000000000000 	-2.500000000000000 	0.068136272545090
0.476624591869109 	0.000000000000000 	-2.500000000000000 	0.069138276553106
0.482407701173891 	0.000000000000000 	-2.500000000000000 	0.070140280561122
0.488158682093646 	0.000000000000000 	-2.500000000000000 	0.071142284569138
0.493877534628375 	0.000000000000000 	-2.500000000000000 	0.072144288577154
0.499564258778077 	0.000000000000000 	-2.500000000000000 	0.073146292585170
0.505218854542753 	0.000000000000000 	-2.500000000000000 	0.074148296593186
0.510841321922402 	0.000000000000000 	-2.500000000000000 	0.075150300601202
0.516431660917024 	0.000000000000000 	-2.500000000000000 	0.076152304609218
0.521989871526620 	0.000000000000000 	-2.500000000000000 	0.077154308617234
0.527515953751190 	0.000000000000000 	-2.500000000000000 	0.078156312625250
0.533009907590733 	0.000000000000000 	-2.500000000000000 	0.079158316633267
0.538471733045249 	0.000000000000000 	-2.500000000000000 	0.080160320641283
0.543901430114738 	0.000000000000000 	-2.500000000000000 	0.081162324649299
0.549298998799202 	0.000000000000000 	-2.500000000000000 	0.082164328657315
0.554664439098638 	0.000000000000000 	-2.500000000000000 	0.083166332665331
0.559997751013048 	0.000000000000000 	-2.500000000000000 	0.084168336673347
0.565298934542432 	0.000000000000000 	-2.500000000000000 	0.085170340681363
0.570567989686788 	0.000000000000000 	-2.500000000000000 	0.086172344689379
0.575804916446119 	0.000000000000000 	-2.500000000000000 	0.087174348697395
0.581009714820422 	0.000000000000000 	-2.500000000000000 	0.088176352705411
0.586182384809700 	0.000000000000000 	-2.500000000000000 	0.089178356713427
0.591322926413950 	0.000000000000000 	-2.500000000000000 	0.090180360721443
0.596431339633174 	0.000000000000000 	-2.500000000000000 	0.091182364729459
0.601507624467372 	0.000000000000000 	-2.500000000000000 	0.092184368737475
0.606551780916542 	0.000000000000000 	-2.500000000000000 	0.093186372745491
0.611563808980687 	0.000000000000000 	-2.500000000000000 	0.094188376753507
0.616543708659805 	0.000000000000000 	-2.500000000000000 	0.095190380761523
0.621491479953896 	0.000000000000000 	-2.500000000000000 	0.096192384769539
0.626407122862960 	0.000000000000000 	-2.500000000000000 	0.097194388777555
0.631290637386998 	0.000000000000000 	-2.500000000000000 	0.098196392785571
0.636142023526010 	0.000000000000000 	-2.500000000000000 	0.099198396793587
0.640961281279995 	0.000000000000000 	-2.500000000000000 	0.100200400801603
0.645748410648953 	0.000000000000000 	-2.500000000000000 	0.101202404809619
0.650503411632885 	0.000000000000000 	-2.500000000000000 	0.102204408817635
0.655226284231790 	0.000000000000000 	-2.500000000000000 	0.103206412825651
0.659917028445669 	0.000000000000000 	-2.500000000000000 	0.104208416833667
0.664575644274521 	0.000000000000000 	-2.500000000000000 	0.105210420841683
0.669202131718347 	0.000000000000000 	-2.500000000000000 	0.106212424849699
0.673796490777145 	0.000000000000000 	-2.500000000000000 	0.107214428857715
0.678358721450918 	0.000000000000000 	-2.500000000000000 	0.108216432865731
0.682888823739664 	0.000000000000000 	-2.500000000000000 	0.109218436873747
0.687386797643383 	0.000000000000000 	-2.500000000000000 	0.110220440881764
0.691852643162076 	0.000000000000000 	-2.500000000000000 	0.111222444889780
0.696286360295742 	0.000000000000000 	-2.500000000000000 	0.112224448897796
0.700687949044381 	0.000000000000000 	-2.500000000000000 	0.113226452905812
0.705057409407994 	0.000000000000000 	-2.500000000000000 	0.114228456913828
0.709394741386581 	0.000000000000000 	-2.500000000000000 	0.115230460921844
0.713699944980141 	0.000000000000000 	-2.500000000000000 	0.116232464929860
0.717973020188674 	0.000000000000000 	-2.500000000000000 	0.117234468937876
0.722213967012181 	0.000000000000000 	-2.500000000000000 	0.118236472945892
0.726422785450661 	0.000000000000000 	-2.500000000000000 	0.119238476953908
0.730599475504114 	0.000000000000000 	-2.500000000000000 	0.120240480961924
0.734744037172541 	0.000000000000000 	-2.500000000000000 	0.121242484969940
0.738856470455942 	0.000000000000000 	-2.500000000000000 	0.122244488977956
0.742936775354316 	0.000000000000000 	-2.500000000000000 	0.123246492985972
0.746984951867663 	0.000000000000000 	-2.500000000000000 	0.124248496993988
0.751000999995984 	0.000000000000000 	-2.500000000000000 	0.125250501002004
0.754984919739278 	0.000000000000000 	-2.500000000000000 	0.126252505010020
0.758936711097546 	0.000000000000000 	-2.500000000000000 	0.127254509018036
0.762856374070787 	0.000000000000000 	-2.500000000000000 	0.128256513026052
0.766743908659001 	0.000000000000000 	-2.500000000000000 	0.129258517034068
0.770599314862189 	0.000000000000000 	-2.500000000000000 	0.130260521042084
0.774422592680351 	0.000000000000000 	-2.500000000000000 	0.131262525050100
0.778213742113485 	0.000000000000000 	-2.500000000000000 	0.132264529058116
0.781972763161594 	0.000000000000000 	-2.500000000000000 	0.133266533066132
0.785699655824675 	0.000000000000000 	-2.500000000000000 	0.134268537074148
0.789394420102731 	0.000000000000000 	-2.500000000000000 	0.135270541082164
0.793057055995759 	0.000000000000000 	-2.500000000000000 	0.136272545090180
0.796687563503761 	0.000000000000000 	-2.500000000000000 	0.137274549098196
0.800285942626736 	0.000000000000000 	-2.500000000000000 	0.138276553106212
0.803852193364685 	0.000000000000000 	-2.500000000000000 	0.139278557114228
0.807386315717608 	0.000000000000000 	-2.500000000000000 	0.140280561122244
0.810888309685503 	0.000000000000000 	-2.500000000000000 	0.141282565130260
0.814358175268372 	0.000000000000000 	-2.500000000000000 	0.142284569138277
0.817795912466215 	0.000000000000000 	-2.500000000000000 	0.143286573146293
0.821201521279031 	0.000000000000000 	-2.500000000000000 	0.144288577154309
0.824575001706820 	0.000000000000000 	-2.500000000000000 	0.145290581162325
0.827916353749583 	0.000000000000000 	-2.500000000000000 	0.146292585170341
0.831225577407320 	0.000000000000000 	-2.500000000000000 	0.147294589178357
0.834502672680029 	0.000000000000000 	-2.500000000000000 	0.148296593186373
0.837747639567713 	0.000000000000000 	-2.500000000000000 	0.149298597194389
0.840960478070369 	0.000000000000000 	-2.500000000000000 	0.150300601202405
0.844141188187999 	0.000000000000000 	-2.500000000000000 	0.151302605210421
0.847289769920603 	0.000000000000000 	-2.500000000000000 	0.152304609218437
0.850406223268180 	0.000000000000000 	-2.500000000000000 	0.153306613226453
0.853490548230730 	0.000000000000000 	-2.500000000000000 	0.154308617234469
0.856542744808254 	0.000000000000000 	-2.500000000000000 	0.155310621242485
0.859562813000751 	0.000000000000000 	-2.500000000000000 	0.156312625250501
0.862550752808222 	0.000000000000000 	-2.500000000000000 	0.157314629258517
0.865506564230666 	0.000000000000000 	-2.500000000000000 	0.158316633266533
0.868430247268083 	0.000000000000000 	-2.500000000000000 	0.159318637274549
0.871321801920474 	0.000000000000000 	-2.500000000000000 	0.160320641282565
0.874181228187839 	0.000000000000000 	-2.500000000000000 	0.161322645290581
0.877008526070176 	0.000000000000000 	-2.500000000000000 	0.162324649298597
0.879803695567488 	0.000000000000000 	-2.500000000000000 	0.163326653306613
0.882566736679772 	0.000000000000000 	-2.500000000000000 	0.164328657314629
0.885297649407030 	0.000000000000000 	-2.500000000000000 	0.165330661322645
0.887996433749262 	0.000000000000000 	-2.500000000000000 	0.166332665330661
0.890663089706467 	0.000000000000000 	-2.500000000000000 	0.167334669338677
0.893297617278645 	0.000000000000000 	-2.500000000000000 	0.168336673346693
0.895900016465797 	0.000000000000000 	-2.500000000000000 	0.169338677354709
0.898470287267923 	0.000000000000000 	-2.500000000000000 	0.170340681362725
0.901008429685021 	0.000000000000000 	-2.500000000000000 	0.171342685370741
0.903514443717093 	0.000000000000000 	-2.500000000000000 	0.172344689378757
0.905988329364139 	0.000000000000000 	-2.500000000000000 	0.173346693386774
0.908430086626158 	0.000000000000000 	-2.500000000000000 	0.174348697394790
0.910839715503151 	0.000000000000000 	-2.500000000000000 	0.175350701402806
0.913217215995116 	0.000000000000000 	-2.500000000000000 	0.176352705410822
0.915562588102056 	0.000000000000000 	-2.500000000000000 	0.177354709418838
0.917875831823969 	0.000000000000000 	-2.500000000000000 	0.178356713426854
0.920156947160855 	0.000000000000000 	-2.500000000000000 	0.179358717434870
0.922405934112714 	0.000000000000000 	-2.500000000000000 	0.180360721442886
0.924622792679547 	0.000000000000000 	-2.500000000000000 	0.181362725450902
0.926807522861354 	0.000000000000000 	-2.500000000000000 	0.182364729458918
0.928960124658134 	0.000000000000000 	-2.500000000000000 	0.183366733466934
0.931080598069887 	0.000000000000000 	-2.500000000000000 	0.184368737474950
0.933168943096614 	0.000000000000000 	-2.500000000000000 	0.185370741482966
0.935225159738314 	0.000000000000000 	-2.500000000000000 	0.186372745490982
0.937249247994988 	0.000000000000000 	-2.500000000000000 	0.187374749498998
0.939241207866635 	0.000000000000000 	-2.500000000000000 	0.188376753507014
0.941201039353256 	0.000000000000000 	-2.500000000000000 	0.189378757515030
0.943128742454850 	0.000000000000000 	-2.500000000000000 	0.190380761523046
0.945024317171417 	0.000000000000000 	-2.500000000000000 	0.191382765531062
0.946887763502958 	0.000000000000000 	-2.500000000000000 	0.192384769539078
0.948719081449472 	0.000000000000000 	-2.500000000000000 	0.193386773547094
0.950518271010960 	0.000000000000000 	-2.500000000000000 	0.194388777555110
0.952285332187421 	0.000000000000000 	-2.500000000000000 	0.195390781563126
0.954020264978856 	0.000000000000000 	-2.500000000000000 	0.196392785571142
0.955723069385264 	0.000000000000000 	-2.500000000000000 	0.197394789579158
0.957393745406645 	0.000000000000000 	-2.500000000000000 	0.198396793587174
0.959032293043000 	0.000000000000000 	-2.500000000000000 	0.199398797595190
0.960638712294328 	0.000000000000000 	-2.500000000000000 	0.200400801603206
0.962213003160630 	0.000000000000000 	-2.500000000000000 	0.201402805611222
0.963755165641905 	0.000000000000000 	-2.500000000000000 	0.202404809619238
0.965265199738154 	0.000000000000000 	-2.500000000000000 	0.203406813627254
0.966743105449376 	0.000000000000000 	-2.500000000000000 	0.204408817635271
0.968188882775571 	0.000000000000000 	-2.500000000000000 	0.205410821643287
0.969602531716740 	0.000000000000000 	-2.500000000000000 	0.206412825651303
0.970984052272882 	0.000000000000000 	-2.500000000000000 	0.207414829659319
0.972333444443998 	0.000000000000000 	-2.500000000000000 	0.208416833667335
0.973650708230087 	0.000000000000000 	-2.500000000000000 	0.209418837675351
0.974935843631150 	0.000000000000000 	-2.500000000000000 	0.210420841683367
0.976188850647186 	0.000000000000000 	-2.500000000000000 	0.211422845691383
0.977409729278196 	0.000000000000000 	-2.500000000000000 	0.212424849699399
0.978598479524179 	0.000000000000000 	-2.500000000000000 	0.213426853707415
0.979755101385135 	0.000000000000000 	-2.500000000000000 	0.214428857715431
0.980879594861065 	0.000000000000000 	-2.500000000000000 	0.215430861723447
0.981971959951968 	0.000000000000000 	-2.500000000000000 	0.216432865731463
0.983032196657845 	0.000000000000000 	-2.500000000000000 	0.217434869739479
0.984060304978695 	0.000000000000000 	-2.500000000000000 	0.218436873747495
0.985056284914518 	0.000000000000000 	-2.500000000000000 	0.219438877755511
0.986020136465315 	0.000000000000000 	-2.500000000000000 	0.220440881763527
0.986951859631086 	0.000000000000000 	-2.500000000000000 	0.221442885771543
0.987851454411830 	0.000000000000000 	-2.500000000000000 	0.222444889779559
0.988718920807547 	0.000000000000000 	-2.500000000000000 	0.223446893787575
0.989554258818238 	0.000000000000000 	-2.500000000000000 	0.224448897795591
0.990357468443902 	0.000000000000000 	-2.500000000000000 	0.225450901803607
0.991128549684539 	0.000000000000000 	-2.500000000000000 	0.226452905811623
0.991867502540150 	0.000000000000000 	-2.500000000000000 	0.227454909819639
0.992574327010735 	0.000000000000000 	-2.500000000000000 	0.228456913827655
0.993249023096293 	0.000000000000000 	-2.500000000000000 	0.229458917835671
0.993891590796824 	0.000000000000000 	-2.500000000000000 	0.230460921843687
0.994502030112329 	0.000000000000000 	-2.500000000000000 	0.231462925851703
0.995080341042807 	0.000000000000000 	-2.500000000000000 	0.232464929859719
0.995626523588259 	0.000000000000000 	-2.500000000000000 	0.233466933867735
0.996140577748684 	0.000000000000000 	-2.500000000000000 	0.234468937875751
0.996622503524082 	0.000000000000000 	-2.500000000000000 	0.235470941883768
0.997072300914454 	0.000000000000000 	-2.500000000000000 	0.236472945891784
0.997489969919800 	0.000000000000000 	-2.500000000000000 	0.237474949899800
0.997875510540118 	0.000000000000000 	-2.500000000000000 	0.238476953907816
0.998228922775411 	0.000000000000000 	-2.500000000000000 	0.239478957915832
0.998550206625676 	0.000000000000000 	-2.500000000000000 	0.240480961923848
0.998839362090915 	0.000000000000000 	-2.500000000000000 	0.241482965931864
0.999096389171128 	0.000000000000000 	-2.500000000000000 	0.242484969939880
0.999321287866314 	0.000000000000000 	-2.500000000000000 	0.243486973947896
0.999514058176473 	0.000000000000000 	-2.500000000000000 	0.244488977955912
0.999674700101606 	0.000000000000000 	-2.500000000000000 	0.245490981963928
0.999803213641712 	0.000000000000000 	-2.500000000000000 	0.246492985971944
0.999899598796792 	0.000000000000000 	-2.500000000000000 	0.247494989979960
0.999963855566845 	0.000000000000000 	-2.500000000000000 	0.248496993987976
0.999995983951872 	0.000000000000000 	-2.500000000000000 	0.249498997995992
0.999995983951872 	0.000000000000000 	-2.500000000000000 	0.250501002004008
0.999963855566845 	0.000000000000000 	-2.500000000000000 	0.251503006012024
0.999899598796792 	0.000000000000000 	-2.500000000000000 	0.252505010020040
0.999803213641712 	0.000000000000000 	-2.500000000000000 	0.253507014028056
0.999674700101606 	0.000000000000000 	-2.500000000000000 	0.254509018036072
0.999514058176473 	0.000000000000000 	-2.500000000000000 	0.255511022044088
0.999321287866314 	0.000000000000000 	-2.500000000000000 	0.256513026052104
0.999096389171128 	0.000000000000000 	-2.500000000000000 	0.257515030060120
0.998839362090915 	0.000000000000000 	-2.500000000000000 	0.258517034068136
0.998550206625676 	0.000000000000000 	-2.500000000000000 	0.259519038076152
0.998228922775411 	0.000000000000000 	-2.500000000000000 	0.260521042084168
0.997875510540118 	0.000000000000000 	-2.500000000000000 	0.261523046092184
0.997489969919799 	0.000000000000000 	-2.500000000000000 	0.262525050100200
0.997072300914454 	0.000000000000000 	-2.500000000000000 	0.263527054108216
0.996622503524082 	0.000000000000000 	-2.500000000000000 	0.264529058116232
0.996140577748684 	0.000000000000000 	-2.500000000000000 	0.265531062124248
0.995626523588259 	0.000000000000000 	-2.500000000000000 	0.266533066132265
0.995080341042807 	0.000000000000000 	-2.500000000000000 	0.267535070140281
0.994502030112329 	0.000000000000000 	-2.500000000000000 	0.268537074148297
0.993891590796824 	0.000000000000000 	-2.500000000000000 	0.269539078156313
0.993249023096293 	0.000000000000000 	-2.500000000000000 	0.270541082164329
0.992574327010735 	0.000000000000000 	-2.500000000000000 	0.271543086172345
0.991867502540150 	0.000000000000000 	-2.500000000000000 	0.272545090180361
0.991128549684539 	0.000000000000000 	-2.500000000000000 	0.273547094188377
0.990357468443902 	0.000000000000000 	-2.500000000000000 	0.274549098196393
0.989554258818238 	0.000000000000000 	-2.500000000000000 	0.275551102204409
0.988718920807547 	0.000000000000000 	-2.500000000000000 	0.276553106212425
0.987851454411830 	0.000000000000000 	-2.500000000000000 	0.277555110220441
0.986951859631086 	0.000000000000000 	-2.500000000000000 	0.278557114228457
0.986020136465315 	0.000000000000000 	-2.500000000000000 	0.279559118236473
0.985056284914518 	0.000000000000000 	-2.500000000000000 	0.280561122244489
0.984060304978695 	0.000000000000000 	-2.500000000000000 	0.281563126252505
0.983032196657845 	0.000000000000000 	-2.500000000000000 	0.282565130260521
0.981971959951968 	0.000000000000000 	-2.500000000000000 	0.283567134268537
0.980879594861065 	0.000000000000000 	-2.500000000000000 	0.284569138276553
0.979755101385135 	0.000000000000000 	-2.500000000000000 	0.285571142284569
0.978598479524179 	0.000000000000000 	-2.500000000000000 	0.286573146292585
0.977409729278196 	0.000000000000000 	-2.500000000000000 	0.287575150300601
0.976188850647186 	0.000000000000000 	-2.500000000000000 	0.288577154308617
0.974935843631150 	0.000000000000000 	-2.500000000000000 	0.289579158316633
0.973650708230088 	0.000000000000000 	-2.500000000000000 	0.290581162324649
0.972333444443998 	0.000000000000000 	-2.500000000000000 	0.291583166332665
0.970984052272883 	0.000000000000000 	-2.500000000000000 	0.292585170340681
0.969602531716740 	0.000000000000000 	-2.500000000000000 	0.293587174348697
0.968188882775571 	0.000000000000000 	-2.500000000000000 	0.294589178356713
0.966743105449376 	0.000000000000000 	-2.500000000000000 	0.295591182364729
0.965265199738154 	0.000000000000000 	-2.500000000000000 	0.296593186372745
0.963755165641905 	0.000000000000000 	-2.500000000000000 	0.297595190380761
0.962213003160630 	0.000000000000000 	-2.500000000000000 	0.298597194388778
0.960638712294328 	0.000000000000000 	-2.500000000000000 	0.299599198396794
0.959032293043000 	0.000000000000000 	-2.500000000000000 	0.300601202404810
0.957393745406645 	0.000000000000000 	-2.500000000000000 	0.301603206412826
0.955723069385264 	0.000000000000000 	-2.500000000000000 	0.302605210420842
0.954020264978856 	0.000000000000000 	-2.500000000000000 	0.303607214428858
0.952285332187421 	0.000000000000000 	-2.500000000000000 	0.304609218436874
0.950518271010960 	0.000000000000000 	-2.500000000000000 	0.305611222444890
0.948719081449472 	0.000000000000000 	-2.500000000000000 	0.306613226452906
0.946887763502958 	0.000000000000000 	-2.500000000000000 	0.307615230460922
0.945024317171417 	0.000000000000000 	-2.500000000000000 	0.308617234468938
0.943128742454850 	0.000000000000000 	-2.500000000000000 	0.309619238476954
0.941201039353256 	0.000000000000000 	-2.500000000000000 	0.310621242484970
0.939241207866635 	0.000000000000000 	-2.500000000000000 	0.311623246492986
0.937249247994988 	0.000000000000000 	-2.500000000000000 	0.312625250501002
0.935225159738314 	0.000000000000000 	-2.500000000000000 	0.313627254509018
0.933168943096614 	0.000000000000000 	-2.500000000000000 	0.314629258517034
0.931080598069887 	0.000000000000000 	-2.500000000000000 	0.315631262525050
0.928960124658134 	0.000000000000000 	-2.500000000000000 	0.316633266533066
0.926807522861354 	0.000000000000000 	-2.500000000000000 	0.317635270541082
0.924622792679548 	0.000000000000000 	-2.500000000000000 	0.318637274549098
0.922405934112714 	0.000000000000000 	-2.500000000000000 	0.319639278557114
0.920156947160855 	0.000000000000000 	-2.500000000000000 	0.320641282565130
0.917875831823969 	0.000000000000000 	-2.500000000000000 	0.321643286573146
0.915562588102056 	0.000000000000000 	-2.500000000000000 	0.322645290581162
0.913217215995116 	0.000000000000000 	-2.500000000000000 	0.323647294589178
0.910839715503151 	0.000000000000000 	-2.500000000000000 	0.324649298597194
0.908430086626158 	0.000000000000000 	-2.500000000000000 	0.325651302605210
0.905988329364139 	0.000000000000000 	-2.500000000000000 	0.326653306613226
0.903514443717093 	0.000000000000000 	-2.500000000000000 	0.327655310621242
0.901008429685021 	0.000000000000000 	-2.500000000000000 	0.328657314629259
0.898470287267923 	0.000000000000000 	-2.500000000000000 	0.329659318637275
0.895900016465797 	0.000000000000000 	-2.500000000000000 	0.330661322645291
0.893297617278646 	0.000000000000000 	-2.500000000000000 	0.331663326653307
0.890663089706467 	0.000000000000000 	-2.500000000000000 	0.332665330661323
0.887996433749262 	0.000000000000000 	-2.500000000000000 	0.333667334669339
0.885297649407031 	0.000000000000000 	-2.500000000000000 	0.334669338677355
0.882566736679772 	0.000000000000000 	-2.500000000000000 	0.335671342685371
0.879803695567488 	0.000000000000000 	-2.500000000000000 	0.336673346693387
0.877008526070177 	0.000000000000000 	-2.500000000000000 	0.337675350701403
0.874181228187839 	0.000000000000000 	-2.500000000000000 	0.338677354709419
0.871321801920474 	0.000000000000000 	-2.500000000000000 	0.339679358717435
0.868430247268083 	0.000000000000000 	-2.500000000000000 	0.340681362725451
0.865506564230666 	0.000000000000000 	-2.500000000000000 	0.341683366733467
0.862550752808222 	0.000000000000000 	-2.500000000000000 	0.342685370741483
0.859562813000751 	0.000000000000000 	-2.500000000000000 	0.343687374749499
0.856542744808254 	0.000000000000000 	-2.500000000000000 	0.344689378757515
0.853490548230730 	0.000000000000000 	-2.500000000000000 	0.345691382765531
0.850406223268180 	0.000000000000000 	-2.500000000000000 	0.346693386773547
0.847289769920603 	0.000000000000000 	-2.500000000000000 	0.347695390781563
0.844141188187999 	0.000000000000000 	-2.500000000000000 	0.348697394789579
0.840960478070369 	0.000000000000000 	-2.500000000000000 	0.349699398797595
0.837747639567713 	0.000000000000000 	-2.500000000000000 	0.350701402805611
0.834502672680030 	0.000000000000000 	-2.500000000000000 	0.351703406813627
0.831225577407320 	0.000000000000000 	-2.500000000000000 	0.352705410821643
0.827916353749584 	0.000000000000000 	-2.500000000000000 	0.353707414829659
0.824575001706821 	0.000000000000000 	-2.500000000000000 	0.354709418837675
0.821201521279031 	0.000000000000000 	-2.500000000000000 	0.355711422845691
0.817795912466215 	0.000000000000000 	-2.500000000000000 	0.356713426853707
0.814358175268373 	0.000000000000000 	-2.500000000000000 	0.357715430861723
0.810888309685503 	0.000000000000000 	-2.500000000000000 	0.358717434869739
0.807386315717608 	0.000000000000000 	-2.500000000000000 	0.359719438877755
0.803852193364685 	0.000000000000000 	-2.500000000000000 	0.360721442885772
0.800285942626736 	0.000000000000000 	-2.500000000000000 	0.361723446893788
0.796687563503761 	0.000000000000000 	-2.500000000000000 	0.362725450901804
0.793057055995759 	0.000000000000000 	-2.500000000000000 	0.363727454909820
0.789394420102731 	0.000000000000000 	-2.500000000000000 	0.364729458917836
0.785699655824676 	0.000000000000000 	-2.500000000000000 	0.365731462925852
0.781972763161594 	0.000000000000000 	-2.500000000000000 	0.366733466933868
0.778213742113485 	0.000000000000000 	-2.500000000000000 	0.367735470941884
0.774422592680351 	0.000000000000000 	-2.500000000000000 	0.368737474949900
0.770599314862189 	0.000000000000000 	-2.500000000000000 	0.369739478957916
0.766743908659001 	0.000000000000000 	-2.500000000000000 	0.370741482965932
0.762856374070787 	0.000000000000000 	-2.500000000000000 	0.371743486973948
0.758936711097546 	0.000000000000000 	-2.500000000000000 	0.372745490981964
0.754984919739278 	0.000000000000000 	-2.500000000000000 	0.373747494989980
0.751000999995984 	0.000000000000000 	-2.500000000000000 	0.374749498997996
0.746984951867663 	0.000000000000000 	-2.500000000000000 	0.375751503006012
0.742936775354316 	0.000000000000000 	-2.500000000000000 	0.376753507014028
0.738856470455942 	0.000000000000000 	-2.500000000000000 	0.377755511022044
0.734744037172542 	0.000000000000000 	-2.500000000000000 	0.378757515030060
0.730599475504115 	0.000000000000000 	-2.500000000000000 	0.379759519038076
0.726422785450661 	0.000000000000000 	-2.500000000000000 	0.380761523046092
0.722213967012181 	0.000000000000000 	-2.500000000000000 	0.381763527054108
0.717973020188674 	0.000000000000000 	-2.500000000000000 	0.382765531062124
0.713699944980140 	0.000000000000000 	-2.500000000000000 	0.383767535070140
0.709394741386581 	0.000000000000000 	-2.500000000000000 	0.384769539078156
0.705057409407995 	0.000000000000000 	-2.500000000000000 	0.385771543086172
0.700687949044382 	0.000000000000000 	-2.500000000000000 	0.386773547094188
0.696286360295742 	0.000000000000000 	-2.500000000000000 	0.387775551102204
0.691852643162076 	0.000000000000000 	-2.500000000000000 	0.388777555110220
0.687386797643383 	0.000000000000000 	-2.500000000000000 	0.389779559118236
0.682888823739664 	0.000000000000000 	-2.500000000000000 	0.390781563126252
0.678358721450918 	0.000000000000000 	-2.500000000000000 	0.391783567134268
0.673796490777146 	0.000000000000000 	-2.500000000000000 	0.392785571142285
0.669202131718347 	0.000000000000000 	-2.500000000000000 	0.393787575150301
0.664575644274521 	0.000000000000000 	-2.500000000000000 	0.394789579158317
0.659917028445669 	0.000000000000000 	-2.500000000000000 	0.395791583166333
0.655226284231790 	0.000000000000000 	-2.500000000000000 	0.396793587174349
0.650503411632885 	0.000000000000000 	-2.500000000000000 	0.397795591182365
0.645748410648953 	0.000000000000000 	-2.500000000000000 	0.398797595190381
0.640961281279995 	0.000000000000000 	-2.500000000000000 	0.399799599198397
0.636142023526010 	0.000000000000000 	-2.500000000000000 	0.400801603206413
0.631290637386999 	0.000000000000000 	-2.500000000000000 	0.401803607214429
0.626407122862961 	0.000000000000000 	-2.500000000000000 	0.402805611222445
0.621491479953896 	0.000000000000000 	-2.500000000000000 	0.403807615230461
0.616543708659805 	0.000000000000000 	-2.500000000000000 	0.404809619238477
0.611563808980687 	0.000000000000000 	-2.500000000000000 	0.405811623246493
0.606551780916543 	0.000000000000000 	-2.500000000000000 	0.406813627254509
0.601507624467372 	0.000000000000000 	-2.500000000000000 	0.407815631262525
0.596431339633174 	0.000000000000000 	-2.500000000000000 	0.408817635270541
0.591322926413950 	0.000000000000000 	-2.500000000000000 	0.409819639278557
0.586182384809700 	0.000000000000000 	-2.500000000000000 	0.410821643286573
0.581009714820423 	0.000000000000000 	-2.500000000000000 	0.411823647294589
0.575804916446119 	0.000000000000000 	-2.500000000000000 	0.412825651302605
0.570567989686789 	0.000000000000000 	-2.500000000000000 	0.413827655310621
0.565298934542432 	0.000000000000000 	-2.500000000000000 	0.414829659318637
0.559997751013048 	0.000000000000000 	-2.500000000000000 	0.415831663326653
0.554664439098638 	0.000000000000000 	-2.500000000000000 	0.416833667334669
0.549298998799202 	0.000000000000000 	-2.500000000000000 	0.417835671342685
0.543901430114738 	0.000000000000000 	-2.500000000000000 	0.418837675350701
0.538471733045249 	0.000000000000000 	-2.500000000000000 	0.419839679358717
0.533009907590733 	0.000000000000000 	-2.500000000000000 	0.420841683366733
0.527515953751190 	0.000000000000000 	-2.500000000000000 	0.421843687374749
0.521989871526621 	0.000000000000000 	-2.500000000000000 	0.422845691382766
0.516431660917025 	0.000000000000000 	-2.500000000000000 	0.423847695390782
0.510841321922402 	0.000000000000000 	-2.500000000000000 	0.424849699398798
0.505218854542753 	0.000000000000000 	-2.500000000000000 	0.425851703406814
0.499564258778077 	0.000000000000000 	-2.500000000000000 	0.426853707414830
0.493877534628375 	0.000000000000000 	-2.500000000000000 	0.427855711422846
0.488158682093646 	0.000000000000000 	-2.500000000000000 	0.428857715430862
0.482407701173891 	0.000000000000000 	-2.500000000000000 	0.429859719438878
0.476624591869109 	0.000000000000000 	-2.500000000000000 	0.430861723446894
0.470809354179301 	0.000000000000000 	-2.500000000000000 	0.431863727454910
0.464961988104466 	0.000000000000000 	-2.500000000000000 	0.432865731462926
0.459082493644604 	0.000000000000000 	-2.500000000000000 	0.433867735470942
0.453170870799716 	0.000000000000000 	-2.500000000000000 	0.434869739478958
0.447227119569801 	0.000000000000000 	-2.500000000000000 	0.435871743486974
0.441251239954860 	0.000000000000000 	-2.500000000000000 	0.436873747494990
0.435243231954892 	0.000000000000000 	-2.500000000000000 	0.437875751503006
0.429203095569898 	0.000000000000000 	-2.500000000000000 	0.438877755511022
0.423130830799876 	0.000000000000000 	-2.500000000000000 	0.439879759519038
0.417026437644829 	0.000000000000000 	-2.500000000000000 	0.440881763527054
0.410889916104755 	0.000000000000000 	-2.500000000000000 	0.441883767535070
0.404721266179654 	0.000000000000000 	-2.500000000000000 	0.442885771543086
0.398520487869527 	0.000000000000000 	-2.500000000000000 	0.443887775551102
0.392287581174373 	0.000000000000000 	-2.500000000000000 	0.444889779559118
0.386022546094193 	0.000000000000000 	-2.500000000000000 	0.445891783567134
0.379725382628986 	0.000000000000000 	-2.500000000000000 	0.446893787575150
0.373396090778752 	0.000000000000000 	-2.500000000000000 	0.447895791583166
0.367034670543492 	0.000000000000000 	-2.500000000000000 	0.448897795591182
0.360641121923206 	0.000000000000000 	-2.500000000000000 	0.449899799599198
0.354215444917892 	0.000000000000000 	-2.500000000000000 	0.450901803607214
0.347757639527552 	0.000000000000000 	-2.500000000000000 	0.451903807615230
0.341267705752186 	0.000000000000000 	-2.500000000000000 	0.452905811623246
0.334745643591793 	0.000000000000000 	-2.500000000000000 	0.453907815631262
0.328191453046374 	0.000000000000000 	-2.500000000000000 	0.454909819639279
0.321605134115928 	0.000000000000000 	-2.500000000000000 	0.455911823647295
0.314986686800455 	0.000000000000000 	-2.500000000000000 	0.456913827655311
0.308336111099956 	0.000000000000000 	-2.500000000000000 	0.457915831663327
0.301653407014430 	0.000000000000000 	-2.500000000000000 	0.458917835671343
0.294938574543878 	0.000000000000000 	-2.500000000000000 	0.459919839679359
0.288191613688299 	0.000000000000000 	-2.500000000000000 	0.460921843687375
0.281412524447693 	0.000000000000000 	-2.500000000000000 	0.461923847695391
0.274601306822061 	0.000000000000000 	-2.500000000000000 	0.462925851703407
0.267757960811402 	0.000000000000000 	-2.500000000000000 	0.463927855711423
0.260882486415718 	0.000000000000000 	-2.500000000000000 	0.464929859719439
0.253974883635006 	0.000000000000000 	-2.500000000000000 	0.465931863727455
0.247035152469267 	0.000000000000000 	-2.500000000000000 	0.466933867735471
0.240063292918502 	0.000000000000000 	-2.500000000000000 	0.467935871743487
0.233059304982711 	0.000000000000000 	-2.500000000000000 	0.468937875751503
0.226023188661893 	0.000000000000000 	-2.500000000000000 	0.469939879759519
0.218954943956049 	0.000000000000000 	-2.500000000000000 	0.470941883767535
0.211854570865178 	0.000000000000000 	-2.500000000000000 	0.471943887775551
0.204722069389280 	0.000000000000000 	-2.500000000000000 	0.472945891783567
0.197557439528356 	0.000000000000000 	-2.500000000000000 	0.473947895791583
0.190360681282405 	0.000000000000000 	-2.500000000000000 	0.474949899799599
0.183131794651427 	0.000000000000000 	-2.500000000000000 	0.475951903807615
0.175870779635424 	0.000000000000000 	-2.500000000000000 	0.476953907815631
0.168577636234393 	0.000000000000000 	-2.500000000000000 	0.477955911823647
0.161252364448336 	0.000000000000000 	-2.500000000000000 	0.478957915831663
0.153894964277252 	0.000000000000000 	-2.500000000000000 	0.479959919839679
0.146505435721142 	0.000000000000000 	-2.500000000000000 	0.480961923847695
0.139083778780005 	0.000000000000000 	-2.500000000000000 	0.481963927855711
0.131629993453842 	0.000000000000000 	-2.500000000000000 	0.482965931863727
0.124144079742652 	0.000000000000000 	-2.500000000000000 	0.483967935871743
0.116626037646435 	0.000000000000000 	-2.500000000000000 	0.484969939879760
0.109075867165192 	0.000000000000000 	-2.500000000000000 	0.485971943887776
0.101493568298923 	0.000000000000000 	-2.500000000000000 	0.486973947895792
0.093879141047627 	0.000000000000000 	-2.500000000000000 	0.487975951903808
0.086232585411304 	0.000000000000000 	-2.500000000000000 	0.488977955911824
0.078553901389955 	0.000000000000000 	-2.500000000000000 	0.489979959919840
0.070843088983579 	0.000000000000000 	-2.500000000000000 	0.490981963927856
0.063100148192176 	0.000000000000000 	-2.500000000000000 	0.491983967935872
0.055325079015748 	0.000000000000000 	-2.500000000000000 	0.492985971943888
0.047517881454292 	0.000000000000000 	-2.500000000000000 	0.493987975951904
0.039678555507810 	0.000000000000000 	-2.500000000000000 	0.494989979959920
0.031807101176301 	0.000000000000000 	-2.500000000000000 	0.495991983967936
0.023903518459766 	0.000000000000000 	-2.500000000000000 	0.496993987975952
0.015967807358204 	0.000000000000000 	-2.500000000000000 	0.497995991983968
0.007999967871616 	0.000000000000000 	-2.500000000000000 	0.498997995991984
0.000000000000000 	0.000000000000000 	-2.500000000000000 	0.500000000000000
