                     cD                       cL                
  ----------- real ------ imag ------- real ------ imag-------- 
  ------------------------------------------------------------- 
  1   0.10785161E-06  -0.23073949E-07   0.24556386E-02  -0.31209734E-02
  2   0.10785161E-06   0.23073949E-07   0.24556386E-02   0.31209734E-02
  3  -0.20166313E+01   0.00000000E+00  -0.48389762E-05   0.00000000E+00
  4  -0.33630963E-05  -0.17378855E-05   0.23684197E-07   0.91908557E-10
  5   0.38483507E-02   0.00000000E+00  -0.64230579E-08   0.00000000E+00
  6  -0.33630963E-05   0.17378855E-05   0.23684197E-07  -0.91908557E-10
  7  -0.51464668E-05  -0.16384933E-04   0.35556625E-01   0.66382641E-01
  8  -0.51464668E-05   0.16384933E-04   0.35556625E-01  -0.66382641E-01
  9   0.34194258E+02   0.00000000E+00  -0.18855620E-03   0.00000000E+00
 10  -0.40051047E-07  -0.15080149E-07   0.27121974E-07  -0.17839146E-07
 11  -0.38382664E-06   0.15971250E-06   0.33520213E-04  -0.23437725E-04
 12  -0.38382664E-06  -0.15971250E-06   0.33520213E-04   0.23437725E-04
 13  -0.40051047E-07   0.15080149E-07   0.27121974E-07   0.17839146E-07
 14   0.46232422E-03   0.22237690E-03  -0.52036181E-05  -0.71063896E-05
 15  -0.12571314E+01   0.26484904E-17   0.49159561E-05  -0.55335021E-20
 16   0.46232422E-03  -0.22237690E-03  -0.52036181E-05   0.71063896E-05
 17  -0.12284505E-02  -0.64739647E-03  -0.46521950E+01   0.21301191E+01
 18  -0.12284505E-02   0.64739647E-03  -0.46521950E+01  -0.21301191E+01
 19   0.12208104E+04   0.00000000E+00   0.21794236E-02   0.00000000E+00
 20   0.74554678E-07  -0.17050015E-08  -0.39981493E-08   0.84928800E-08
 21   0.14413830E-05  -0.17969439E-05  -0.88133980E-07   0.10049349E-07
 22  -0.99313301E-03   0.10215516E-19  -0.12693605E-07  -0.64926705E-20
 23   0.14413830E-05   0.17969439E-05  -0.88133980E-07  -0.10049349E-07
 24   0.74554678E-07   0.17050015E-08  -0.39981493E-08  -0.84928800E-08
 25   0.48271378E-05   0.57478487E-05  -0.20827536E-04  -0.10056654E-04
 26   0.11844708E-03  -0.21574081E-04  -0.56233149E-02   0.65694096E-02
 27   0.11844708E-03   0.21574081E-04  -0.56233149E-02  -0.65694096E-02
 28   0.48271378E-05  -0.57478487E-05  -0.20827536E-04   0.10056654E-04
 29  -0.13138051E+00  -0.20929454E+00  -0.39545423E-03   0.12621877E-02
 30   0.41692879E+03  -0.12493136E-14  -0.13513965E-02   0.14053986E-16
 31  -0.13138051E+00   0.20929454E+00  -0.39545423E-03  -0.12621877E-02
 32  -0.83862596E-01   0.10446308E+00  -0.22846232E+03   0.35008340E+02
 33  -0.83862596E-01  -0.10446308E+00  -0.22846232E+03  -0.35008340E+02
 34   0.45761641E+05   0.00000000E+00   0.93362528E+00   0.00000000E+00
