        nc     ,       np      ,      nTerms  
           2           1          34
         matIndTot                   GG
           1           0           0 ( -1.2623005320000001E-007, 0.73555009760000001     ) (  0.0000000000000000     ,  0.0000000000000000     )
           0           1           0 (  0.0000000000000000     ,  0.0000000000000000     ) ( -1.2623005320000001E-007,-0.73555009760000001     )
           0           0           1 (  0.0000000000000000     ,  0.0000000000000000     ) (  0.0000000000000000     ,  0.0000000000000000     )
           2           0           0 (  0.0000000000000000     ,  0.0000000000000000     ) (  0.0000000000000000     ,  0.0000000000000000     )
           1           1           0 (  0.0000000000000000     ,  0.0000000000000000     ) (  0.0000000000000000     ,  0.0000000000000000     )
           0           2           0 (  0.0000000000000000     ,  0.0000000000000000     ) (  0.0000000000000000     ,  0.0000000000000000     )
           1           0           1 (  9.1010962747765447     ,  3.2622281153548731     ) (  0.0000000000000000     ,  0.0000000000000000     )
           0           1           1 (  0.0000000000000000     ,  0.0000000000000000     ) (  9.1010962747765447     , -3.2622281153548731     )
           0           0           2 (  0.0000000000000000     ,  0.0000000000000000     ) (  0.0000000000000000     ,  0.0000000000000000     )
           3           0           0 (  0.0000000000000000     ,  0.0000000000000000     ) (  0.0000000000000000     ,  0.0000000000000000     )
           2           1           0 ( -2.0030941769738032E-003,  7.0998181444727670E-003) (  0.0000000000000000     ,  0.0000000000000000     )
           1           2           0 (  0.0000000000000000     ,  0.0000000000000000     ) ( -2.0030941769738032E-003, -7.0998181444727661E-003)
           0           3           0 (  0.0000000000000000     ,  0.0000000000000000     ) (  0.0000000000000000     ,  0.0000000000000000     )
           2           0           1 (  0.0000000000000000     ,  0.0000000000000000     ) (  0.0000000000000000     ,  0.0000000000000000     )
           1           1           1 (  0.0000000000000000     ,  0.0000000000000000     ) (  0.0000000000000000     ,  0.0000000000000000     )
           0           2           1 (  0.0000000000000000     ,  0.0000000000000000     ) (  0.0000000000000000     ,  0.0000000000000000     )
           1           0           2 (  150.66876861257307     , -107.21144306828053     ) (  0.0000000000000000     ,  0.0000000000000000     )
           0           1           2 (  0.0000000000000000     ,  0.0000000000000000     ) (  150.66876861257307     ,  107.21144306828053     )
           0           0           3 (  0.0000000000000000     ,  0.0000000000000000     ) (  0.0000000000000000     ,  0.0000000000000000     )
           4           0           0 (  0.0000000000000000     ,  0.0000000000000000     ) (  0.0000000000000000     ,  0.0000000000000000     )
           3           1           0 (  0.0000000000000000     ,  0.0000000000000000     ) (  0.0000000000000000     ,  0.0000000000000000     )
           2           2           0 (  0.0000000000000000     ,  0.0000000000000000     ) (  0.0000000000000000     ,  0.0000000000000000     )
           1           3           0 (  0.0000000000000000     ,  0.0000000000000000     ) (  0.0000000000000000     ,  0.0000000000000000     )
           0           4           0 (  0.0000000000000000     ,  0.0000000000000000     ) (  0.0000000000000000     ,  0.0000000000000000     )
           3           0           1 (  0.0000000000000000     ,  0.0000000000000000     ) (  0.0000000000000000     ,  0.0000000000000000     )
           2           1           1 ( 0.28542736144595032     , -2.0064105633379801     ) (  0.0000000000000000     ,  0.0000000000000000     )
           1           2           1 (  0.0000000000000000     ,  0.0000000000000000     ) ( 0.28542736144595054     ,  2.0064105633379783     )
           0           3           1 (  0.0000000000000000     ,  0.0000000000000000     ) (  0.0000000000000000     ,  0.0000000000000000     )
           2           0           2 (  0.0000000000000000     ,  0.0000000000000000     ) (  0.0000000000000000     ,  0.0000000000000000     )
           1           1           2 (  0.0000000000000000     ,  0.0000000000000000     ) (  0.0000000000000000     ,  0.0000000000000000     )
           0           2           2 (  0.0000000000000000     ,  0.0000000000000000     ) (  0.0000000000000000     ,  0.0000000000000000     )
           1           0           3 (  1609.5219953647600     , -7750.8435198303287     ) (  0.0000000000000000     ,  0.0000000000000000     )
           0           1           3 (  0.0000000000000000     ,  0.0000000000000000     ) (  1609.5219953647600     ,  7750.8435198303287     )
           0           0           4 (  0.0000000000000000     ,  0.0000000000000000     ) (  0.0000000000000000     ,  0.0000000000000000     )
