                     cD                       cL                
  ----------- real ------ imag ------- real ------ imag-------- 
  ------------------------------------------------------------- 
  1   0.80666605E-07  -0.11005689E-06   0.12080545E-02   0.29767517E-02
  2   0.80666605E-07   0.11005689E-06   0.12080545E-02  -0.29767517E-02
  3  -0.19740529E+01   0.00000000E+00   0.69907836E-06   0.00000000E+00
  4  -0.55459039E-07   0.21285707E-05   0.77432110E-08   0.27598243E-08
  5   0.26843488E-02   0.00000000E+00  -0.14850955E-07   0.00000000E+00
  6  -0.55459039E-07  -0.21285707E-05   0.77432110E-08  -0.27598243E-08
  7  -0.36502930E-04  -0.40152886E-05  -0.61424343E-01  -0.15389615E-02
  8  -0.36502930E-04   0.40152886E-05  -0.61424343E-01   0.15389615E-02
  9   0.33330572E+02   0.00000000E+00   0.57957968E-04   0.00000000E+00
 10  -0.39631267E-07   0.37447973E-07  -0.35962181E-08  -0.75909884E-08
 11   0.44491796E-07   0.10533183E-06   0.19835646E-05   0.22422430E-04
 12   0.44491796E-07  -0.10533183E-06   0.19835646E-05  -0.22422430E-04
 13  -0.39631267E-07  -0.37447973E-07  -0.35962181E-08   0.75909884E-08
 14  -0.31734439E-04   0.14828525E-04  -0.30362673E-05  -0.91955750E-05
 15  -0.10161081E+01  -0.89141568E-18   0.58117602E-05   0.54023677E-19
 16  -0.31734439E-04  -0.14828525E-04  -0.30362673E-05   0.91955750E-05
 17   0.29468500E-02   0.35857038E-02   0.40679357E+00  -0.41808330E+01
 18   0.29468500E-02  -0.35857038E-02   0.40679357E+00   0.41808330E+01
 19   0.11757816E+04   0.00000000E+00   0.36380852E-02   0.00000000E+00
 20   0.17562521E-07  -0.85802597E-08   0.34944587E-08   0.19622944E-07
 21  -0.90134633E-07  -0.60909811E-07  -0.32021794E-08  -0.14391818E-07
 22  -0.50625252E-03   0.16951844E-18  -0.10568127E-06  -0.59239188E-20
 23  -0.90134633E-07   0.60909811E-07  -0.32021794E-08   0.14391818E-07
 24   0.17562521E-07   0.85802597E-08   0.34944587E-08  -0.19622944E-07
 25   0.37950749E-04   0.69508985E-06   0.73051579E-05  -0.32558822E-05
 26   0.11686394E-03  -0.12769162E-03  -0.15386436E-02  -0.50750893E-02
 27   0.11686394E-03   0.12769162E-03  -0.15386436E-02   0.50750893E-02
 28   0.37950749E-04  -0.69508985E-06   0.73051579E-05   0.32558822E-05
 29  -0.53875889E-02   0.11655686E-01  -0.16864824E-02   0.40530198E-02
 30   0.42489809E+03   0.41148193E-16  -0.81797164E-04  -0.10357368E-16
 31  -0.53875889E-02  -0.11655686E-01  -0.16864824E-02  -0.40530198E-02
 32  -0.44893451E-01  -0.54648725E+00   0.66410131E+02  -0.17793490E+03
 33  -0.44893451E-01   0.54648725E+00   0.66410131E+02   0.17793490E+03
 34   0.43430623E+05   0.00000000E+00   0.17838081E+00   0.00000000E+00
