          91

   3.4805673688229374E-003  -1.1318195269468098E-003   0.0000000000000000        40.000000000000000        5.0000000000000000     
   1.0319455566367488        0.0000000000000000        0.0000000000000000        40.000000000000000        0.0000000000000000     
   3.4906003048853170E-003  -1.1520636242365071E-003   0.0000000000000000        40.000000000000000        4.8186549300000001     
   3.5208322351905578E-003  -1.1724681528072589E-003   0.0000000000000000        40.000000000000000        4.6438865399999996     
   3.5747619870120646E-003  -1.1933584658513617E-003   0.0000000000000000        40.000000000000000        4.4754559599999997     
   3.6571729196498066E-003  -1.2148531632695688E-003   0.0000000000000000        40.000000000000000        4.3131352800000000     
   3.7740909657766669E-003  -1.2369603901790072E-003   0.0000000000000000        40.000000000000000        4.1567018899999999     
   3.9328906219687609E-003  -1.2596120837922520E-003   0.0000000000000000        40.000000000000000        4.0059420899999996     
   4.1425251888725393E-003  -1.2826879666659433E-003   0.0000000000000000        40.000000000000000        3.8606500300000000     
   4.4137939245071358E-003  -1.3060131330200210E-003   0.0000000000000000        40.000000000000000        3.7206276400000000     
   4.7596553114001815E-003  -1.3293598106921285E-003   0.0000000000000000        40.000000000000000        3.5856837499999998     
   5.1962103762841711E-003  -1.3524757467746945E-003   0.0000000000000000        40.000000000000000        3.4554714400000002     
   5.7519034366089097E-003  -1.3753685886232290E-003   0.0000000000000000        40.000000000000000        3.3278875900000000     
   6.4604508356094804E-003  -1.3976948606874836E-003   0.0000000000000000        40.000000000000000        3.2023082000000000     
   7.3627751476299311E-003  -1.4188715016471829E-003   0.0000000000000000        40.000000000000000        3.0787012599999999     
   8.5113480841641498E-003  -1.4381494210401579E-003   0.0000000000000000        40.000000000000000        2.9570360800000000     
   9.9736103390823550E-003  -1.4545799054769405E-003   0.0000000000000000        40.000000000000000        2.8372818899999999     
   1.1836390832646784E-002  -1.4669778826359205E-003   0.0000000000000000        40.000000000000000        2.7194091000000000     
   1.4211675622657035E-002  -1.4738844358906595E-003   0.0000000000000000        40.000000000000000        2.6033875100000001     
   1.7243959944926234E-002  -1.4735311287112018E-003   0.0000000000000000        40.000000000000000        2.4891887200000000     
   2.1119730077034233E-002  -1.4638117142244719E-003   0.0000000000000000        40.000000000000000        2.3767834099999998     
   2.6079215287742707E-002  -1.4422675826626630E-003   0.0000000000000000        40.000000000000000        2.2661441099999999     
   3.2431005543197618E-002  -1.4060962250152654E-003   0.0000000000000000        40.000000000000000        2.1572423399999998     
   4.0569091619594821E-002  -1.3521981986655317E-003   0.0000000000000000        40.000000000000000        2.0500519100000001     
   5.0992454554962159E-002  -1.2772798539480497E-003   0.0000000000000000        40.000000000000000        1.9445448500000000     
   6.4324643433747206E-002  -1.1780488014743490E-003   0.0000000000000000        40.000000000000000        1.8406949500000001     
   8.1330550472595492E-002  -1.0515357704330814E-003   0.0000000000000000        40.000000000000000        1.7384765799999999     
  0.10292387726309828       -8.9558752893079520E-004   0.0000000000000000        40.000000000000000        1.6378636900000001     
  0.13015431453161413       -7.0956969319248503E-004   0.0000000000000000        40.000000000000000        1.5388314400000001     
  0.16416074215822579       -4.9517585906634545E-004   0.0000000000000000        40.000000000000000        1.4413542100000001     
  0.20606981925291204       -2.5761663040225303E-004   0.0000000000000000        40.000000000000000        1.3454089100000000     
  0.25682720657043190       -6.1224783625543902E-006   0.0000000000000000        40.000000000000000        1.2509702500000000     
  0.31694898512461389        2.4540478956561884E-004   0.0000000000000000        40.000000000000000        1.1580156300000000     
  0.38622450440664019        4.7793666436042885E-004   0.0000000000000000        40.000000000000000        1.0665204500000001     
  0.46342628422734961        6.7374714601731547E-004   0.0000000000000000        40.000000000000000       0.97646282399999995     
  0.54614851231373307        8.1201886499371757E-004   0.0000000000000000        40.000000000000000       0.88782005700000000     
  0.63089911402241217        8.8195556432894102E-004   0.0000000000000000        40.000000000000000       0.80056893399999995     
  0.71350709979906324        8.8185958648696449E-004   0.0000000000000000        40.000000000000000       0.71468906700000001     
  0.78983848470607254        8.1925521120014327E-004   0.0000000000000000        40.000000000000000       0.63015775900000004     
  0.85652318529224192        7.1145082270396168E-004   0.0000000000000000        40.000000000000000       0.54695475500000001     
  0.91156887128804243        5.8076851692459032E-004   0.0000000000000000        40.000000000000000       0.46505919400000001     
  0.95449194993759445        4.4682216532967160E-004   0.0000000000000000        40.000000000000000       0.38444948699999998     
  0.98609856055826162        3.2387337252643686E-004   0.0000000000000000        40.000000000000000       0.30510553400000001     
   1.0079749731198502        2.1886690042036716E-004   0.0000000000000000        40.000000000000000       0.22700869200000001     
   1.0219325561414929        1.3276035098891203E-004   0.0000000000000000        40.000000000000000       0.15013764099999999     
   1.0295576685069732        6.2159857605474956E-005   0.0000000000000000        40.000000000000000        7.4474813500000001E-002
   3.4830792857817225E-003  -1.1418980386940008E-003   0.0000000000000000        40.000000000000000        4.9093274650000005     
   3.5028791245395089E-003  -1.1621478937915214E-003   0.0000000000000000        40.000000000000000        4.7312707349999998     
   3.5443275163605232E-003  -1.1827500599073547E-003   0.0000000000000000        40.000000000000000        4.5596712499999992     
   3.6116881177472317E-003  -1.2039309890793755E-003   0.0000000000000000        40.000000000000000        4.3942956199999994     
   3.7103588976869621E-003  -1.2257305285327084E-003   0.0000000000000000        40.000000000000000        4.2349185850000000     
   3.8470081390420460E-003  -1.2481162939071400E-003   0.0000000000000000        40.000000000000000        4.0813219899999993     
   4.0297632158744793E-003  -1.2709947692528185E-003   0.0000000000000000        40.000000000000000        3.9332960600000000     
   4.2684544608517375E-003  -1.2942174159861414E-003   0.0000000000000000        40.000000000000000        3.7906388350000002     
   4.5749080379736771E-003  -1.3175834120385521E-003   0.0000000000000000        40.000000000000000        3.6531556949999997     
   4.9635539779088163E-003  -1.3408524953473487E-003   0.0000000000000000        40.000000000000000        3.5205775949999998     
   5.4560348509452208E-003  -1.3639045602765365E-003   0.0000000000000000        40.000000000000000        3.3916795149999999     
   6.0833481670917204E-003  -1.3865771373979571E-003   0.0000000000000000        40.000000000000000        3.2650978950000002     
   6.8826314075360606E-003  -1.4084116803820277E-003   0.0000000000000000        40.000000000000000        3.1405047300000000     
   7.9001859350067392E-003  -1.4287467342425672E-003   0.0000000000000000        40.000000000000000        3.0178686699999999     
   9.1954525599218847E-003  -1.4467384741093305E-003   0.0000000000000000        40.000000000000000        2.8971589849999999     
   1.0844897902375430E-002  -1.4613255475832837E-003   0.0000000000000000        40.000000000000000        2.7783454949999999     
   1.2947063951753294E-002  -1.4711915705748597E-003   0.0000000000000000        40.000000000000000        2.6613983050000001     
   1.5629083710680891E-002  -1.4747279146459810E-003   0.0000000000000000        40.000000000000000        2.5462881150000003     
   1.9055038393013039E-002  -1.4700010022266987E-003   0.0000000000000000        40.000000000000000        2.4329860649999997     
   2.3436533295730463E-002  -1.4547296437627773E-003   0.0000000000000000        40.000000000000000        2.3214637599999999     
   2.9045840756910971E-002  -1.4262806583737158E-003   0.0000000000000000        40.000000000000000        2.2116932249999999     
   3.6231766368031527E-002  -1.3816941051280950E-003   0.0000000000000000        40.000000000000000        2.1036471250000002     
   4.5438057624254666E-002  -1.3177554066007885E-003   0.0000000000000000        40.000000000000000        1.9972983800000002     
   5.7223327511423817E-002  -1.2311392085096651E-003   0.0000000000000000        40.000000000000000        1.8926199000000001     
   7.2279831850511747E-002  -1.1186634870010094E-003   0.0000000000000000        40.000000000000000        1.7895857650000000     
   9.1446671769052384E-002  -9.7769284812872963E-004   0.0000000000000000        40.000000000000000        1.6881701350000000     
  0.11570884885359514       -8.0672578157348226E-004   0.0000000000000000        40.000000000000000        1.5883475650000001     
  0.14616971371973100       -6.0620134383864929E-004   0.0000000000000000        40.000000000000000        1.4900928250000001     
  0.18397943765580127       -3.7938447255686281E-004   0.0000000000000000        40.000000000000000        1.3933815599999999     
  0.23020122316918584       -1.3343899680744075E-004   0.0000000000000000        40.000000000000000        1.2981895799999998     
  0.28560178332644826        1.1985714307565798E-004   0.0000000000000000        40.000000000000000        1.2044929400000000     
  0.35037252799690927        3.6471375678412372E-004   0.0000000000000000        40.000000000000000        1.1122680400000000     
  0.42382478802431228        5.8109506742587782E-004   0.0000000000000000        40.000000000000000        1.0214916370000000     
  0.50414898572612055        7.5009306885819699E-004   0.0000000000000000        40.000000000000000       0.93214144049999992     
  0.58836612598378546        8.5593691524984202E-004   0.0000000000000000        40.000000000000000       0.84419449550000003     
  0.67257543293485900        8.9048737285693893E-004   0.0000000000000000        40.000000000000000       0.75762900049999993     
  0.75253022753104459        8.5742297873679478E-004   0.0000000000000000        40.000000000000000       0.67242341299999997     
  0.82439294787672834        7.6991047576323377E-004   0.0000000000000000        40.000000000000000       0.58855625700000003     
  0.88543475049657783        6.4819587909133235E-004   0.0000000000000000        40.000000000000000       0.50600697449999998     
  0.93441641041249202        5.1338599165714214E-004   0.0000000000000000        40.000000000000000       0.42475434049999999     
  0.97155064840089389        3.8343441158398541E-004   0.0000000000000000        40.000000000000000       0.34477751050000000     
  0.99809686267789821        2.6896973805551767E-004   0.0000000000000000        40.000000000000000       0.26605711300000001     
   1.0158140930324708        1.7438920026872568E-004   0.0000000000000000        40.000000000000000       0.18857316650000000     
   1.0264458976036874        9.6768857529046896E-005   0.0000000000000000        40.000000000000000       0.11230622725000000     
   1.0313611431072982        3.1331760014553016E-005   0.0000000000000000        40.000000000000000        3.7237406750000000E-002
