                     cD                       cL                
  ----------- real ------ imag ------- real ------ imag-------- 
  ------------------------------------------------------------- 
  1  -0.86702375E-08   0.55641128E-08  -0.36029817E-02  -0.14036249E-02
  2  -0.86702375E-08  -0.55641128E-08  -0.36029817E-02   0.14036249E-02
  3  -0.19917328E+01   0.00000000E+00   0.32232264E-04   0.00000000E+00
  4   0.31470610E-05  -0.63286950E-06  -0.45060737E-09  -0.28667559E-09
  5   0.37425508E-02   0.00000000E+00   0.44271084E-08   0.00000000E+00
  6   0.31470610E-05   0.63286950E-06  -0.45060737E-09   0.28667559E-09
  7  -0.39528075E-06  -0.29864880E-06   0.56006583E-01  -0.51238593E-01
  8  -0.39528075E-06   0.29864880E-06   0.56006583E-01   0.51238593E-01
  9   0.33354907E+02   0.00000000E+00   0.26398199E-02   0.00000000E+00
 10  -0.10831294E-08   0.10212848E-08   0.95106561E-08  -0.40164050E-08
 11  -0.22995465E-09  -0.40815983E-09  -0.31129442E-04  -0.24602990E-04
 12  -0.22995465E-09   0.40815983E-09  -0.31129442E-04   0.24602990E-04
 13  -0.10831294E-08  -0.10212848E-08   0.95106561E-08   0.40164050E-08
 14  -0.26452428E-03   0.43754520E-03  -0.23104391E-06   0.25108862E-06
 15  -0.12417979E+01   0.21463876E-18  -0.10817789E-05   0.16335821E-20
 16  -0.26452428E-03  -0.43754520E-03  -0.23104391E-06  -0.25108862E-06
 17  -0.13530173E-03   0.12184711E-04   0.35276343E+01   0.37936953E+01
 18  -0.13530173E-03  -0.12184711E-04   0.35276343E+01  -0.37936953E+01
 19   0.97178367E+03   0.00000000E+00   0.10374120E+00   0.00000000E+00
 20   0.41416946E-08   0.26434288E-08  -0.34548855E-10  -0.22117057E-10
 21   0.10831538E-05   0.12452202E-05   0.33046587E-09   0.12887593E-08
 22  -0.10134105E-02   0.76582473E-19  -0.92449956E-09   0.17149223E-20
 23   0.10831538E-05  -0.12452202E-05   0.33046587E-09  -0.12887593E-08
 24   0.41416946E-08  -0.26434288E-08  -0.34548855E-10   0.22117057E-10
 25   0.58278608E-06   0.17709904E-06  -0.88384558E-06  -0.45909862E-06
 26   0.71967625E-06   0.14915991E-05   0.77399808E-02   0.36699394E-02
 27   0.71967625E-06  -0.14915991E-05   0.77399808E-02  -0.36699394E-02
 28   0.58278608E-06  -0.17709904E-06  -0.88384558E-06   0.45909862E-06
 29   0.20728068E+00  -0.86693105E-01   0.50851971E-04   0.69855943E-05
 30   0.41652833E+03  -0.63290345E-16   0.67482243E-03  -0.10091935E-17
 31   0.20728068E+00   0.86693105E-01   0.50851971E-04  -0.69855943E-05
 32  -0.37785419E-02   0.60328802E-02   0.10614773E+03   0.20124797E+03
 33  -0.37785419E-02  -0.60328802E-02   0.10614773E+03  -0.20124797E+03
 34   0.20896694E+05   0.00000000E+00  -0.16001887E+01   0.00000000E+00
