 (  11.362957908039760     ,  4.0546616546741847E-015)
 ( 0.77356751083303810     ,  3.8738547047758694E-017)
 ( 0.40778282187060705     ,  6.7724783124443282E-017)
 ( 0.29423527408573369     ,  4.5503556129074662E-017)
 ( 0.17795075668394239     , -5.1789667539280824E-018)
 ( 0.16300626497229920     , -6.8605696753081774E-018)
 ( 0.12127886853344065     , -4.1738025075787321E-017)
 ( 0.11018352866235286     , -3.1549409519670481E-017)
 (  8.9713174987943081E-002,  2.5446479576596336E-017)
 (  7.9238205873295373E-002,  1.9356022745537779E-017)
