 (  8.6608471323400291     , -5.5239373282361668E-016)
 ( 0.59429459625595948     , -8.0349701777816163E-018)
 ( 0.31119036602136413     ,  1.4899715316166255E-018)
 ( 0.22364516892893574     , -5.2621954177162234E-018)
 ( 0.13601478609594986     ,  2.4197199636699317E-017)
 ( 0.12420809495024916     ,  2.4490669690473323E-017)
 (  9.2612085597497354E-002, -2.4694913160840900E-017)
 (  8.4239010905596962E-002, -4.0914815406306190E-019)
 (  6.8591033890246692E-002, -1.3676343153867501E-017)
 (  6.0584856197920263E-002,  1.9720177556018919E-017)
