 (  5.8547438816611326     ,  2.7069128663293686E-015)
 ( 0.40675733626529093     , -6.1678001628765798E-016)
 ( 0.21073852620668618     ,  6.5254360751915287E-017)
 ( 0.15046933335773380     ,  5.7124385301914042E-018)
 (  9.2401854047218263E-002,  2.5693018997299265E-018)
 (  8.3896370329584177E-002,  5.7709117781270258E-018)
 (  6.2803401565922193E-002,  5.0604687131945676E-019)
 (  5.7256869441817050E-002, -1.0817088079747860E-017)
 (  4.6624577603248417E-002, -3.1422296653803566E-018)
 (  4.1185477219411147E-002, -2.9961251017011192E-018)
